     0/299       12G   0.08366   0.01744   0.03451    0.1356        86       640  0.001626    0.1747 0.0004746 9.783e-05    0.1123   0.02422   0.03559
     1/299     11.9G   0.08085   0.01477   0.03139     0.127        88       640  0.001641   0.08032 0.0004565 0.0001087    0.1045   0.02464   0.03315
     2/299     11.9G   0.07547   0.01373   0.02776     0.117        68       640  0.003903   0.07863  0.001661  0.000404     0.101   0.02559   0.03001
     3/299     11.9G   0.07258   0.01386   0.02402    0.1105       110       640  0.009276    0.1046  0.004268 0.0008987   0.09584   0.02753   0.02675
     4/299     11.9G    0.0703   0.01419   0.02173    0.1062        67       640    0.5938   0.07081   0.01805  0.004296   0.09184    0.0285   0.02434
     5/299     11.9G   0.06701   0.01379    0.0197    0.1005       121       640    0.9032   0.03777   0.03506   0.01052   0.08772   0.02917   0.02367
     6/299     11.9G   0.06636   0.01457   0.01867    0.0996       116       640    0.8921   0.04096   0.02732  0.006431    0.0865    0.0283   0.02207
     7/299     11.9G   0.06428   0.01519   0.01745   0.09692       119       640    0.8958   0.05747   0.04867   0.01363   0.08243   0.02916   0.02161
     8/299     11.9G   0.06115   0.01628   0.01742   0.09485       116       640    0.6114    0.0871   0.03905  0.007995   0.07745   0.02968   0.02106
     9/299     11.9G    0.0606   0.01536    0.0163   0.09227        99       640    0.6057    0.1719   0.05623    0.0143   0.07563   0.02963   0.02092
    10/299     11.9G   0.05912   0.01513   0.01635   0.09061       106       640    0.6508    0.1517    0.0546   0.01784   0.07623   0.02854   0.02047
    11/299     11.9G   0.05764   0.01517   0.01575   0.08856        61       640    0.7162    0.1379   0.09147   0.02298   0.07316   0.02837   0.02004
    12/299     11.9G   0.05695   0.01605   0.01556   0.08856       103       640    0.6973    0.1586    0.1104   0.03372   0.07125   0.02847   0.01948
    13/299     11.9G   0.05556   0.01468   0.01453   0.08477       110       640    0.3636    0.4187     0.236   0.08293   0.06945   0.02922   0.01937
    14/299     11.9G   0.05592   0.01447   0.01435   0.08474        99       640    0.4316    0.4819    0.3145    0.1438   0.06442   0.02916   0.01876
    15/299     11.9G   0.05418   0.01491   0.01469   0.08377       102       640    0.4583    0.5239    0.3463    0.1351   0.06255      0.03    0.0186
    16/299     11.9G   0.05393   0.01459   0.01361   0.08213       129       640    0.4493    0.4529    0.3591     0.136   0.06641   0.02789   0.01814
    17/299     11.9G   0.05439   0.01332   0.01316   0.08088        77       640    0.4987    0.3234    0.2612    0.0882   0.06802   0.02756   0.01745
    18/299     11.9G   0.05441   0.01328   0.01274   0.08043       134       640    0.6048    0.3796    0.3555    0.1636   0.07245   0.02615    0.0175
    19/299     11.9G   0.05584    0.0145   0.01372   0.08407       101       640    0.4729     0.383    0.3356    0.1509   0.06482   0.02823   0.01736
    20/299     11.9G   0.05396    0.0147   0.01307   0.08174        98       640    0.5528    0.3381    0.3594    0.1711   0.06307   0.02762   0.01663
    21/299     11.9G   0.05278    0.0137   0.01244   0.07891       140       640    0.5184    0.3694    0.3657    0.1645   0.06201   0.02758   0.01659
    22/299     11.9G   0.05194   0.01443   0.01194   0.07831        86       640    0.4972    0.4342    0.3776    0.1741   0.06134   0.02761   0.01638
    23/299     11.9G    0.0507   0.01353   0.01163   0.07586       106       640    0.5778     0.405    0.3987    0.1911   0.05828   0.02836   0.01549
    24/299     11.9G    0.0512   0.01344   0.01093   0.07558       113       640    0.5806    0.4673    0.4289    0.1895    0.0588   0.02784   0.01509
    25/299     11.9G   0.05095   0.01428   0.01088   0.07611       101       640    0.4758    0.3729    0.3558    0.1578   0.06172   0.03004   0.01558
    26/299     11.9G   0.05014   0.01378   0.01076   0.07468       114       640    0.5462    0.3962    0.4176    0.1919   0.05796   0.02752   0.01438
    27/299     11.9G   0.04919   0.01378      0.01   0.07297        94       640    0.5538    0.4167    0.4213    0.2235   0.05964   0.02727   0.01482
    28/299     11.9G    0.0496   0.01274  0.009908   0.07225        57       640    0.5279    0.4296    0.4057    0.2112    0.0623   0.02674   0.01465
    29/299     11.9G    0.0482   0.01322  0.009643   0.07106        80       640    0.4767    0.4374    0.4358    0.2133   0.05813   0.02779   0.01521
    30/299     11.9G   0.04789   0.01325   0.01025   0.07139        87       640    0.6383    0.3836    0.4124    0.1422   0.06039   0.02729   0.01316
    31/299     11.9G   0.05027   0.01325  0.009287    0.0728        95       640    0.5137    0.4446    0.4131    0.1762   0.06262   0.02551   0.01371
    32/299     11.9G   0.04771   0.01323  0.009022   0.06996        99       640    0.6182    0.4931    0.4687    0.2397   0.05889   0.02603   0.01262
    33/299     11.9G   0.04715   0.01293  0.008541   0.06862        83       640    0.5529    0.5009    0.4321    0.2105   0.05735    0.0279   0.01352
    34/299     11.9G   0.04607   0.01381   0.00863   0.06851       101       640    0.6724    0.4035    0.4473    0.2324   0.05782    0.0263   0.01298
    35/299     11.9G   0.04623   0.01395  0.008249   0.06842        71       640    0.6566    0.4383    0.4602    0.2008   0.05801   0.02792   0.01273
    36/299     11.9G   0.04676   0.01353  0.008337   0.06863       104       640    0.6506    0.4663    0.4892    0.2451   0.05628   0.02802   0.01255
    37/299     11.9G   0.04589   0.01377  0.008494   0.06816       130       640    0.6135    0.4449      0.43    0.2301   0.05964   0.02936   0.01348
    38/299     11.9G   0.04541   0.01382  0.008695   0.06793       145       640    0.4671    0.4412    0.3966    0.2247   0.06213   0.03139   0.01511
    39/299     11.9G   0.04476   0.01421  0.007939    0.0669       105       640    0.7329    0.3943    0.4652    0.2447   0.05576   0.02709   0.01435
    40/299     11.9G   0.04455    0.0139  0.008092   0.06654       145       640    0.5593    0.4838    0.4923    0.2827   0.05859   0.03049   0.01468
    41/299     11.9G   0.04425   0.01283  0.007751   0.06483        67       640    0.5633    0.4475    0.4481    0.2496   0.05601   0.02751   0.01335
    42/299     11.9G   0.04373   0.01387  0.007425   0.06502        97       640      0.57    0.4871    0.4645    0.2532   0.05675   0.02827   0.01271
    43/299     11.9G   0.04203   0.01359  0.007288   0.06291        62       640    0.6697    0.4841     0.501    0.2778   0.05416   0.02753   0.01299
    44/299     11.9G   0.04265   0.01406  0.006769   0.06349        80       640     0.696    0.4471    0.5173    0.3143   0.05429   0.02774   0.01235
    45/299     11.9G   0.04152   0.01378  0.007088   0.06238       128       640    0.3955    0.6055    0.5181    0.2617   0.05541   0.02918   0.01259
    46/299     11.9G   0.04237   0.01357  0.006646   0.06259       115       640    0.4487    0.5452    0.5086     0.281   0.05684   0.02927   0.01461
    47/299     11.9G    0.0413   0.01335  0.006421   0.06107        99       640    0.6244    0.4709     0.508    0.2865   0.05578   0.02773   0.01317
    48/299     11.9G   0.04146   0.01293  0.007012    0.0614        88       640    0.5844     0.422    0.4609    0.2522   0.05678   0.02778   0.01307
    49/299     11.9G   0.04178   0.01413  0.006899   0.06281        78       640    0.3532    0.5524    0.4744    0.2605   0.05552   0.03097   0.01511
    50/299     11.9G    0.0406    0.0145  0.006752   0.06186       113       640    0.4266    0.6104    0.5388     0.281   0.05399   0.02751   0.01162
    51/299     11.9G   0.04039   0.01378  0.006262   0.06043        99       640    0.3779    0.6108    0.5465    0.3071   0.05369   0.02638   0.01113
    52/299     11.9G    0.0404   0.01423  0.006692   0.06132       127       640    0.4738    0.4547    0.5058    0.2995   0.05484    0.0287   0.01281
    53/299     11.9G   0.04082   0.01411  0.006178   0.06111       109       640    0.6065    0.5275    0.5242    0.3015   0.05359   0.02899   0.01338
    54/299     11.9G   0.03977   0.01403  0.005942   0.05975        93       640    0.4193    0.6114    0.5556    0.3002   0.05311   0.02763   0.01138
    55/299     11.9G   0.04069   0.01334  0.005904   0.05994       115       640    0.6293    0.4788    0.5507    0.2906   0.05391   0.02745   0.01332
    56/299     11.9G   0.03994   0.01287  0.005877   0.05869        78       640    0.5287    0.6346    0.5931    0.3177   0.05242   0.02767   0.01139
    57/299     11.9G   0.03973   0.01356  0.005727   0.05903       108       640     0.572    0.5193    0.5075     0.301   0.05242   0.02881   0.01117
    58/299     11.9G   0.03969   0.01304  0.005886   0.05862       110       640    0.4669    0.5781    0.5133    0.2851   0.05374   0.02788    0.0111
    59/299     11.9G   0.03875    0.0138  0.005919   0.05847        97       640     0.569    0.5505    0.5807    0.3134   0.05184   0.02729   0.01082
    60/299     11.9G   0.03935   0.01382  0.005788   0.05896       100       640    0.5054    0.5575    0.5508    0.2966   0.05354   0.02824   0.01212
    61/299     11.9G   0.03885   0.01325  0.005796   0.05789        94       640    0.5231    0.6372    0.6035    0.3266   0.05258   0.02693   0.01344
    62/299     11.9G   0.03934   0.01315  0.005783   0.05827       144       640    0.6238     0.543     0.594    0.3167   0.05233   0.02759   0.01293
    63/299     11.9G   0.03853   0.01395  0.005339   0.05781       120       640    0.6043    0.5501    0.5887    0.2779   0.05255   0.02792   0.01072
    64/299     11.9G   0.03885   0.01314  0.005715   0.05771       117       640    0.4476    0.6267     0.572    0.3051   0.05207   0.02709   0.01158
    65/299     11.9G   0.03761   0.01373  0.005267   0.05661        91       640    0.4569    0.6098    0.5643    0.3002   0.05204   0.02729   0.01178
    66/299     11.9G   0.03805   0.01306  0.005323   0.05644       131       640    0.5935    0.5445     0.595    0.3006   0.05098    0.0271   0.01142
    67/299     11.9G   0.03791   0.01313  0.005201   0.05625       114       640    0.4589    0.6768    0.6043    0.3177   0.05017   0.02794   0.01136
    68/299     11.9G   0.03686   0.01401  0.005144   0.05601       102       640    0.5974    0.5363    0.5698    0.3103   0.05147   0.02704   0.01144
    69/299     11.9G   0.03659   0.01344  0.004646   0.05468        57       640    0.6842    0.4525    0.5537    0.3063   0.05106   0.02743   0.01139
    70/299     11.9G   0.03732   0.01234  0.004929   0.05459       102       640    0.4102    0.6582     0.547    0.3277   0.05222   0.02749   0.01095
    71/299     11.9G   0.03785   0.01307  0.004747   0.05567       106       640     0.608    0.4853    0.5147    0.3051     0.053    0.0279   0.01103
    72/299     11.9G   0.03782   0.01411  0.005145   0.05708       115       640    0.5335    0.5713    0.5635    0.3523   0.05226   0.02859   0.01091
    73/299     11.9G   0.03674   0.01318  0.004807   0.05473       108       640    0.5393    0.5422    0.5448    0.3138   0.05159   0.02889   0.01059
    74/299     11.9G   0.03626   0.01278  0.004231   0.05327       120       640     0.469    0.6302    0.5452    0.3053   0.05081   0.02869   0.01049
    75/299     11.9G   0.03719    0.0124  0.004686   0.05427        76       640    0.4913     0.592     0.536    0.3118   0.05201   0.02895   0.01117
    76/299     11.9G   0.03668   0.01312  0.004777   0.05458       107       640    0.5437    0.5962    0.5651    0.2864   0.05373   0.02753   0.01092
    77/299     11.9G   0.03648   0.01325  0.004713   0.05444        99       640    0.5607    0.5684     0.564    0.3156   0.05281   0.02793   0.01047
    78/299     11.9G    0.0372   0.01273  0.004387   0.05432       122       640    0.6002    0.5411    0.5544    0.2926    0.0533   0.02757   0.01017
    79/299     11.9G   0.03737   0.01292   0.00473   0.05502       101       640    0.5313     0.573    0.5556    0.3121   0.05143    0.0273   0.01093
    80/299     11.9G   0.03686   0.01288  0.004661    0.0544        97       640    0.5624    0.5395    0.5905    0.3179   0.05209   0.02857   0.01242
    81/299     11.9G   0.03609   0.01324  0.004572    0.0539       141       640    0.5529    0.4912    0.5518    0.3108   0.05291   0.02772   0.01088
    82/299     11.9G   0.03573   0.01287  0.004946   0.05355        88       640    0.4699    0.6453    0.5568    0.3043   0.05173   0.02966    0.0103
    83/299     11.9G   0.03599   0.01287  0.004901   0.05375       126       640    0.5254    0.6576    0.5903    0.3344     0.052   0.02923    0.0105
    84/299     11.9G   0.03591   0.01213  0.004211   0.05225       137       640    0.5179    0.5692    0.5551    0.3204   0.05047   0.02892  0.009587
    85/299     11.9G   0.03587   0.01301  0.004267   0.05314        87       640    0.5363    0.5155    0.5165    0.3003   0.05221   0.02974    0.0107
    86/299     11.9G   0.03553    0.0121  0.004389   0.05202       110       640     0.504    0.5694    0.5578    0.3126   0.05213   0.02825   0.01084
    87/299     11.9G     0.035   0.01228  0.003839   0.05111        96       640    0.5448     0.579    0.5763    0.3308   0.05185   0.02877   0.01068
    88/299     11.9G   0.03587   0.01276  0.004315   0.05294       126       640    0.6166    0.5907    0.5995    0.3395   0.05312   0.02911   0.01123
    89/299     11.9G    0.0351   0.01294  0.004324   0.05236        82       640    0.6098    0.6121    0.6318    0.3221   0.05358   0.02991   0.01275
    90/299     11.9G   0.03521   0.01326  0.004539   0.05301        96       640    0.5373    0.5745    0.5306    0.2915   0.05404   0.02816   0.01322
    91/299     11.9G   0.03505   0.01277  0.004149   0.05198       140       640    0.6033      0.55    0.5354     0.297   0.05312   0.02973   0.01137
    92/299     11.9G   0.03464   0.01268  0.003903   0.05122        99       640    0.5976    0.5292    0.5681    0.3218   0.05232   0.02795   0.01206
    93/299     11.9G   0.03541   0.01262  0.004479    0.0525       130       640    0.5094    0.5998     0.545    0.2953   0.05324    0.0279   0.01115
    94/299     11.9G   0.03542   0.01271  0.004492   0.05262        86       640    0.5471    0.6336    0.5788    0.3075   0.05235   0.02762    0.0119
    95/299     11.9G   0.03396   0.01209   0.00363   0.04968        84       640    0.5777    0.5925    0.5479     0.304   0.05214    0.0294   0.01114
    96/299     11.9G   0.03513   0.01299  0.003884   0.05201        78       640    0.5937    0.5856    0.5749    0.3516   0.05195   0.02876   0.01227
    97/299     11.9G   0.03432   0.01243  0.003908   0.05066       114       640    0.5891    0.6148    0.6084    0.3661   0.05162    0.0289   0.01179
    98/299     11.9G   0.03479   0.01209  0.004257   0.05114       100       640    0.5858    0.5304    0.5615    0.3072   0.05249   0.02851   0.01147
    99/299     11.9G   0.03461   0.01291  0.003898   0.05141       114       640    0.5116    0.6578    0.5624    0.2896   0.05332   0.02846   0.01144
   100/299     11.9G   0.03377   0.01235   0.00408    0.0502       138       640    0.6117    0.5412    0.5541    0.3051   0.05225   0.02844   0.01085
   101/299     11.9G    0.0336   0.01224  0.003867   0.04971        78       640     0.534    0.6241    0.5711    0.3018   0.05201   0.02893   0.01108
   102/299     11.9G   0.03424   0.01228  0.003878    0.0504       118       640    0.5769    0.6246    0.5986     0.337   0.05085    0.0297    0.0112
   103/299     11.9G   0.03423   0.01248   0.00389   0.05061       131       640    0.5824     0.661    0.5982    0.3541   0.05051   0.02901   0.01166
   104/299     11.9G   0.03433   0.01255  0.003926   0.05081       135       640    0.6107    0.6585    0.6008    0.3472   0.05248   0.02922   0.01363
   105/299     11.9G   0.03385   0.01247  0.003527   0.04985        99       640    0.6107    0.5973    0.5791    0.3536   0.05434   0.02911   0.01366
   106/299     11.9G    0.0334   0.01237    0.0031   0.04887        65       640    0.6049    0.6038    0.5594    0.3096   0.05346   0.02999   0.01408
   107/299     11.9G   0.03302   0.01221  0.003457   0.04869        79       640    0.6402    0.5034    0.5272    0.2851   0.05594   0.03033   0.01374
   108/299     11.9G   0.03428   0.01236  0.003833   0.05048       183       640    0.6993     0.448    0.5315     0.319   0.05398   0.03004   0.01279
   109/299     11.9G   0.03362   0.01182  0.003464    0.0489        90       640    0.4892    0.6276    0.5714    0.3425   0.05267   0.03021   0.01197
   110/299     11.9G   0.03242   0.01208  0.003374   0.04788        81       640    0.5993    0.5011     0.565    0.3107   0.05423   0.03021   0.01524
   111/299     11.9G   0.03231   0.01308  0.003406    0.0488        69       640    0.4712    0.5493    0.5057    0.2912   0.05201   0.02905   0.01385
   112/299     11.9G   0.03292   0.01165   0.00322   0.04779        84       640    0.6248     0.496     0.533    0.3309   0.05239   0.02895   0.01222
   113/299     11.9G   0.03269   0.01289  0.003291   0.04888        75       640    0.5159    0.6866    0.5915    0.3447   0.05213   0.02862   0.01169
   114/299     11.9G   0.03236   0.01217  0.003617   0.04815       120       640    0.6486    0.5087    0.5572    0.3506    0.0543   0.03048   0.01371
   115/299     11.9G   0.03228    0.0117  0.003313   0.04729       111       640    0.6191    0.5034    0.5791    0.3653   0.05302    0.0293   0.01334
   116/299     11.9G   0.03251   0.01217   0.00341   0.04809       105       640    0.6144    0.5408    0.5838    0.3581   0.05285   0.02992   0.01325
   117/299     11.9G   0.03274   0.01164  0.003682   0.04806       124       640    0.5484    0.5166    0.5426    0.3253   0.05146   0.02908   0.01218
   118/299     11.9G    0.0321   0.01144  0.003425   0.04696        84       640    0.5893      0.51    0.5515    0.3386   0.05281   0.03074     0.012
   119/299     11.9G   0.03293   0.01186  0.003495   0.04829       102       640    0.5117    0.6616    0.5788     0.376   0.05026    0.0297    0.0112
   120/299     11.9G   0.03218   0.01202  0.003358   0.04756        78       640    0.5625    0.6068    0.6031    0.3559   0.04974   0.02929   0.01165
   121/299     11.9G   0.03193    0.0129  0.003211   0.04805       139       640    0.5491    0.5916     0.566    0.3199   0.04949   0.03064   0.01217
   122/299     11.9G   0.03143   0.01147  0.003132   0.04603       108       640    0.6144     0.585    0.5697    0.3146   0.05042   0.03075   0.01229
   123/299     11.9G   0.03158   0.01144  0.003112   0.04612       121       640    0.6626    0.5314    0.5978    0.3684   0.05073   0.03079   0.01309
   124/299     11.9G   0.03294   0.01164  0.003379   0.04795        98       640    0.5287    0.6065    0.5742    0.3403   0.05173   0.03105   0.01363
   125/299     11.9G   0.03197   0.01209  0.003606   0.04767        94       640    0.5382    0.5793    0.5815    0.3324   0.05216   0.03043   0.01405
   126/299     11.9G   0.03192   0.01148  0.003167   0.04657        74       640    0.4731    0.6995    0.5572    0.3325   0.05209   0.03004   0.01269
   127/299     11.9G   0.03073   0.01114  0.003235    0.0451        93       640    0.4511    0.6355    0.5112    0.2946   0.05321    0.0295   0.01422
   128/299     11.9G   0.03233   0.01201  0.003463   0.04781       115       640    0.5198    0.5051    0.5158     0.319    0.0543   0.03067   0.01475
   129/299     11.9G   0.03191   0.01128  0.003248   0.04643        83       640    0.5724    0.5303    0.5355     0.325   0.05328   0.03103   0.01484
   130/299     11.9G   0.03057   0.01127  0.003073   0.04491       128       640    0.5093    0.6233    0.5398    0.3247   0.05267   0.03227   0.01343
   131/299     11.9G   0.03124   0.01151  0.003463   0.04621        74       640    0.6459    0.5477    0.6133    0.3524   0.05195   0.03073   0.01366
   132/299     11.9G   0.03105   0.01128   0.00305   0.04538        59       640    0.5397    0.5664    0.5706    0.3307    0.0526   0.03119   0.01273
   133/299     11.9G   0.03134   0.01076  0.003577   0.04568       124       640    0.5333    0.5846    0.5418     0.305   0.05249   0.03352   0.01195
   134/299     11.9G   0.03055   0.01132  0.002861   0.04472       111       640    0.6752     0.396    0.4608    0.2648   0.05881   0.03682   0.01509
   135/299     11.9G    0.0314   0.01105  0.003106   0.04556        71       640    0.5939     0.637    0.5895    0.3562   0.05118    0.0315   0.01218
   136/299     11.9G   0.03037   0.01113  0.002872   0.04437       108       640    0.6437    0.6216     0.587    0.3374    0.0517   0.03165   0.01256
   137/299     11.9G   0.03044   0.01151   0.00302   0.04496        91       640    0.5667    0.6628    0.5985    0.3652   0.05018   0.03183   0.01277
   138/299     11.9G    0.0311   0.01132  0.003005   0.04543       118       640    0.7023    0.5231    0.6119    0.3687   0.05117   0.03179    0.0133
   139/299     11.9G   0.03063   0.01187  0.002774   0.04527       164       640    0.6224    0.6102    0.5978    0.3416   0.05096   0.03109   0.01156
   140/299     11.9G   0.02961   0.01152  0.002552   0.04369       111       640    0.5621    0.5469    0.5694    0.3443   0.05056   0.03152   0.01216
   141/299     11.9G    0.0303   0.01096  0.002837    0.0441       102       640    0.6048    0.5631    0.5542    0.3484   0.05275   0.03284   0.01212
   142/299     11.9G   0.03097   0.01167   0.00317   0.04581        69       640    0.6328    0.5225    0.5741    0.3546   0.05243   0.03302   0.01285
   143/299     11.9G   0.02991   0.01107  0.002811    0.0438        95       640    0.6362    0.5236    0.5739    0.3427   0.05053   0.03232   0.01137
   144/299     11.9G   0.02997   0.01161  0.002794   0.04438       122       640    0.5996    0.6142    0.6099    0.3699   0.05043    0.0311   0.01178
   145/299     11.9G   0.03016   0.01088  0.002787   0.04383        84       640    0.5519    0.6775    0.5991    0.3565   0.05351   0.03125     0.012
   146/299     11.9G   0.02921   0.01141  0.002691   0.04332       114       640    0.6041    0.5907     0.586    0.3423   0.05284    0.0313   0.01235
   147/299     11.9G   0.03049   0.01212  0.003189   0.04579       128       640    0.5611    0.6112    0.5977    0.3617   0.05336   0.03285   0.01255
   148/299     11.9G   0.02851   0.01071  0.002513   0.04174       147       640    0.6254    0.5733    0.6164    0.3655   0.05191   0.03208   0.01247
   149/299     11.9G   0.02928   0.01107  0.002668   0.04301       133       640    0.6001    0.5361    0.5747    0.3373   0.05291   0.03173   0.01229
   150/299     11.9G   0.03017   0.01094  0.002807   0.04391        94       640    0.6381    0.6482    0.6193    0.3647   0.05042   0.03163   0.01216
   151/299     11.9G   0.02886   0.01134  0.002568   0.04277        84       640    0.7221    0.5227    0.5948     0.358   0.05037   0.03239   0.01294
   152/299     11.9G   0.02791   0.01094  0.002352    0.0412       112       640    0.5089    0.6212    0.5466    0.3352   0.05241   0.03238   0.01244
   153/299     11.9G   0.02817   0.01052  0.002376   0.04107       118       640    0.6863    0.6299    0.6491    0.3701   0.05067   0.03091     0.012
   154/299     11.9G   0.02858   0.01077  0.002472   0.04182       104       640    0.6379    0.6112    0.6378    0.3722   0.05177   0.03139   0.01292
   155/299     11.9G   0.02902   0.01083   0.00266   0.04251       102       640    0.7199    0.5183    0.6303    0.3721   0.05074   0.03121   0.01247
   156/299     11.9G   0.02928   0.01132  0.002567   0.04316       129       640    0.5304    0.6421    0.6215      0.38   0.04996   0.03196   0.01335
   157/299     11.9G   0.02911   0.01102  0.002575   0.04271        91       640    0.5668    0.6262    0.6004    0.3637   0.05025   0.03244   0.01373
   158/299     11.9G   0.02848   0.01125    0.0029   0.04263        94       640    0.6088    0.6758    0.6315    0.3795   0.05061   0.03158     0.013
   159/299     11.9G   0.02841   0.01089  0.002678   0.04198        97       640    0.6795     0.572    0.6561    0.3915   0.05101   0.03128   0.01335
   160/299     11.9G    0.0281   0.01118  0.002684   0.04197        72       640    0.6288    0.6315    0.6594    0.3944   0.05068   0.03307   0.01388
   161/299     11.9G   0.02831   0.01097  0.002503   0.04179        89       640     0.632    0.6241    0.6352    0.3838   0.05057   0.03395   0.01477
   162/299     11.9G   0.02775   0.01069  0.002352    0.0408        71       640    0.6851     0.572    0.6053    0.3669   0.05038    0.0328   0.01482
   163/299     11.9G   0.02831   0.01109  0.002743   0.04215       124       640    0.6479    0.5908    0.5985    0.3716   0.05005    0.0321   0.01391
   164/299     11.9G   0.02898   0.01065  0.002795   0.04242       118       640      0.69    0.5793    0.6309    0.3898   0.04978   0.03306   0.01437
   165/299     11.9G   0.02855   0.01091  0.002598   0.04205        85       640    0.6196    0.5809    0.5777    0.3428   0.05045   0.03209   0.01384
   166/299     11.9G   0.02732   0.01078  0.002274   0.04037       121       640    0.6579    0.5817    0.5979    0.3468   0.05041   0.03191   0.01385
   167/299     11.9G   0.02855    0.0108  0.002605   0.04195        86       640    0.6116    0.6049    0.5831     0.344   0.04945   0.03316   0.01444
   168/299     11.9G   0.02752   0.01085  0.002582   0.04094        96       640    0.6389    0.5858    0.5873    0.3403   0.04966    0.0332   0.01567
   169/299     11.9G   0.02814   0.01039  0.002694   0.04122       129       640    0.7061    0.5381    0.6012     0.361   0.04944   0.03303   0.01423
   170/299     11.9G   0.02684   0.01033  0.002424    0.0396        88       640     0.609    0.5886     0.598    0.3601   0.05036   0.03143   0.01291
   171/299     11.9G   0.02815   0.01071  0.002653   0.04152       133       640     0.636    0.5748    0.5719    0.3557   0.05153   0.03182   0.01277
   172/299     11.9G   0.02753   0.01017  0.002589   0.04029        95       640    0.5832    0.6054    0.5965     0.358   0.04915   0.03336   0.01215
   173/299     11.9G   0.02725   0.01077  0.002581   0.04061       101       640    0.5671    0.5192    0.5328    0.3214   0.05377   0.03532   0.01421
   174/299     11.9G   0.02666   0.01084  0.001926   0.03943        85       640    0.5188    0.6356    0.5947    0.3563   0.04966   0.03365   0.01333
   175/299     11.9G   0.02751   0.01026  0.002746   0.04052        92       640    0.5521     0.662    0.5966    0.3538   0.05052   0.03374   0.01393
   176/299     11.9G   0.02682   0.01099  0.002324   0.04013        84       640    0.5411    0.6887    0.6273    0.3213   0.04926    0.0334   0.01329
   177/299     11.9G   0.02649   0.01055  0.002423   0.03946        89       640    0.6051    0.6165    0.6077    0.3573   0.05112   0.03375   0.01423
   178/299     11.9G   0.02626   0.01084  0.002136   0.03923       119       640    0.5668    0.6121    0.6148    0.3479   0.05001   0.03326    0.0136
   179/299     11.9G    0.0251   0.01021  0.002113   0.03742        93       640    0.5141       0.6     0.556    0.3441    0.0536   0.03291   0.01406
   180/299     11.9G    0.0266   0.01136  0.002325   0.04028       117       640     0.547    0.6514    0.5915    0.3447   0.05024   0.03311   0.01342
   181/299     11.9G   0.02657  0.009825  0.002277   0.03867        97       640    0.5221    0.6379    0.5614    0.3407   0.05111   0.03286   0.01377
   182/299     11.9G   0.02619   0.01003  0.002179    0.0384        99       640    0.6226    0.5838    0.5836    0.3307   0.05137   0.03417   0.01489
   183/299     11.9G   0.02641   0.01064  0.002219   0.03927        93       640    0.6271    0.5693    0.5567    0.3352   0.05112   0.03473     0.016
   184/299     11.9G   0.02612   0.01041  0.002018   0.03855       102       640    0.6848    0.5636    0.5953    0.3402   0.05088   0.03505   0.01358
   185/299     11.9G   0.02535  0.009774  0.002075    0.0372        62       640    0.6526    0.5512    0.5895    0.3354   0.05263   0.03513   0.01309
   186/299     11.9G   0.02715   0.01153  0.002549   0.04122       126       640    0.5973    0.5916    0.5651    0.3156   0.05163   0.03428   0.01358
   187/299     11.9G   0.02635    0.0105  0.002235   0.03908        92       640    0.8073    0.4328    0.5685    0.3412   0.05266    0.0357   0.01584
   188/299     11.9G   0.02572   0.01074   0.00211   0.03857       157       640    0.6262    0.5644    0.5774    0.3462   0.05277   0.03382   0.01495
   189/299     11.9G   0.02598   0.01019  0.002336   0.03851       111       640    0.5302    0.6808     0.622    0.3551   0.05191   0.03384   0.01459
   190/299     11.9G   0.02619   0.01009  0.002313   0.03859        86       640    0.6552     0.535    0.5651    0.3528   0.05513   0.03392   0.01664
   191/299     11.9G   0.02624   0.01026   0.00217   0.03867        90       640     0.588    0.6636    0.6238     0.383   0.05097   0.03341   0.01259
   192/299     11.9G     0.026     0.011  0.002278   0.03928       125       640    0.6178    0.6316    0.6162    0.3859   0.05111   0.03407   0.01438
   193/299     11.9G   0.02605   0.01059  0.002218   0.03886       123       640    0.5474    0.6257    0.6085    0.3776   0.05121   0.03239   0.01448
   194/299     11.9G    0.0255   0.01029  0.002224   0.03801        97       640    0.6235    0.6687    0.6357    0.3957   0.05046   0.03431   0.01409
   195/299     11.9G   0.02551   0.01006  0.002095   0.03766        93       640    0.6633    0.5407    0.5728    0.3626   0.05295   0.03379   0.01453
   196/299     11.9G   0.02473   0.01015  0.002038   0.03692       102       640    0.5827    0.6003    0.5691    0.3461   0.05007   0.03489   0.01484
   197/299     11.9G   0.02599   0.01007  0.002357   0.03842       106       640    0.6719    0.5266    0.6028    0.3709   0.05018   0.03524   0.01395
   198/299     11.9G   0.02617   0.01018   0.00242   0.03877        81       640    0.6817    0.5825    0.6048    0.3779   0.05102    0.0358    0.0137
   199/299     11.9G   0.02637    0.0105  0.002858   0.03973       122       640    0.6569    0.6013    0.6129     0.365    0.0518   0.03628   0.01433
   200/299     11.9G   0.02567    0.0101  0.002324   0.03809       146       640    0.7395     0.593    0.6254    0.3755   0.05128   0.03491   0.01368
   201/299     11.9G   0.02466   0.01028  0.001798   0.03675        55       640    0.6388    0.6511    0.6294    0.3776   0.05143   0.03397   0.01424
   202/299     11.9G   0.02425  0.009565  0.001788   0.03561        82       640    0.6636    0.6343    0.6307    0.3804   0.05087   0.03364   0.01463
   203/299     11.9G   0.02581   0.01052  0.002182   0.03851       103       640    0.6516    0.6398    0.6085      0.38   0.05051   0.03421   0.01433
   204/299     11.9G   0.02499  0.009412  0.002049   0.03645        79       640    0.6772    0.5715    0.6335    0.3752   0.04998   0.03516   0.01519
   205/299     11.9G   0.02517   0.01043  0.002179   0.03778       112       640    0.6061    0.6238    0.6094     0.364   0.05017   0.03432   0.01464
   206/299     11.9G   0.02503   0.00998  0.002196    0.0372       148       640    0.6285    0.6276    0.6239    0.3687    0.0495   0.03431   0.01472
   207/299     11.9G   0.02465   0.01037    0.0022   0.03722       123       640    0.6788    0.5203    0.6056    0.3572   0.05076   0.03466   0.01522
   208/299     11.9G   0.02494  0.009724  0.002146   0.03681        87       640    0.6071    0.6004    0.6092    0.3782   0.05212   0.03594   0.01555
   209/299     11.9G   0.02509   0.01066  0.002168   0.03792       111       640     0.534    0.6097     0.584    0.3597   0.05172    0.0348   0.01597
   210/299     11.9G   0.02531   0.01045  0.002263   0.03803       125       640     0.693    0.5603    0.6134    0.3888   0.05236   0.03606    0.0149
   211/299     11.9G   0.02499   0.01031  0.002076   0.03737       110       640    0.7128     0.574    0.6331    0.3975   0.05111    0.0362   0.01467
   212/299     11.9G   0.02359  0.009171  0.001708   0.03447       129       640    0.6973    0.5695    0.6436    0.4017   0.05116   0.03622   0.01485
   213/299     11.9G    0.0248    0.0107  0.002172   0.03767       101       640    0.5611    0.6247    0.6214    0.3892   0.05099    0.0364   0.01503
   214/299     11.9G   0.02432  0.009865  0.002034   0.03622       121       640    0.6381    0.6254    0.6388    0.3932   0.05063   0.03671   0.01333
   215/299     11.9G   0.02446   0.01026  0.002042   0.03676       132       640    0.6039    0.5833    0.5696    0.3374   0.05198   0.03567   0.01426
   216/299     11.9G   0.02499   0.01014  0.002572    0.0377       101       640    0.6399    0.6119    0.6278    0.4052   0.05082   0.03652   0.01339
   217/299     11.9G   0.02368  0.009313  0.001672   0.03466        82       640    0.6182    0.6488    0.6478    0.3942   0.04983   0.03666   0.01305
   218/299     11.9G   0.02413  0.009641  0.002113   0.03588        93       640    0.7382    0.5487    0.6321    0.3679   0.05056   0.03707   0.01356
   219/299     11.9G   0.02418  0.009916   0.00217   0.03627        94       640    0.6944    0.5412    0.6327    0.3664   0.05157   0.03698   0.01413
   220/299     11.9G   0.02349   0.01001  0.001849   0.03534        99       640    0.6835    0.5858    0.6319    0.3711   0.05198   0.03631   0.01428
   221/299     11.9G   0.02478  0.009707  0.002076   0.03656       104       640    0.5966    0.6192    0.6231    0.3543   0.05107   0.03658   0.01446
   222/299     11.9G   0.02404  0.009926   0.00203     0.036       111       640    0.5684    0.6426    0.6266    0.3615   0.05101   0.03684   0.01394
   223/299     11.9G   0.02326  0.009312  0.001732    0.0343        55       640    0.6456    0.5824    0.6016    0.3569   0.05165   0.03726   0.01295
   224/299     11.9G   0.02343  0.009542  0.001908   0.03488       100       640    0.6368    0.5598    0.6124    0.3671   0.05094   0.03521   0.01399
   225/299     11.9G   0.02459  0.009692  0.002235   0.03651       106       640    0.6207    0.6194    0.6254      0.37   0.05025    0.0369   0.01347
   226/299     11.9G   0.02432  0.009715  0.001954   0.03599       138       640     0.619    0.6137    0.6038    0.3715   0.05075   0.03734   0.01397
   227/299     11.9G   0.02356    0.0101  0.002001   0.03566        86       640    0.6884    0.5985    0.6298    0.3894   0.05157    0.0364   0.01345
   228/299     11.9G   0.02381   0.00993  0.001936   0.03567       105       640    0.5605    0.6686    0.6212    0.3727   0.05061    0.0366   0.01409
   229/299     11.9G   0.02312  0.008757  0.001846   0.03372        76       640    0.6282    0.6189    0.6204    0.3867   0.05026   0.03808   0.01368
   230/299     11.9G   0.02372  0.009292  0.001815   0.03482       119       640    0.6506    0.6245    0.6318    0.3981   0.05016   0.03785   0.01412
   231/299     11.9G   0.02401  0.009543  0.001992   0.03554       105       640    0.5862    0.6621    0.6141    0.3818   0.04992   0.03688   0.01443
   232/299     11.9G   0.02386  0.009664  0.001955   0.03548       104       640    0.6615    0.6139    0.6323    0.3746   0.05046    0.0376   0.01465
   233/299     11.9G     0.024  0.009953  0.002145   0.03609        78       640    0.5601    0.6194     0.625    0.3713   0.05068   0.03825   0.01523
   234/299     11.9G   0.02373   0.00968  0.001903   0.03531       103       640    0.6717    0.5846    0.6294    0.3742   0.05108   0.03856   0.01513
   235/299     11.9G   0.02303  0.009672  0.001905    0.0346        59       640    0.5926    0.6266    0.6248    0.3923    0.0509   0.03777   0.01599
   236/299     11.9G   0.02333    0.0101  0.001907   0.03534       103       640    0.6017    0.5958    0.6267    0.3997   0.05107   0.03776   0.01584
   237/299     11.9G   0.02356  0.009852  0.002091    0.0355       116       640    0.7053    0.5721    0.6316     0.395   0.05108    0.0373   0.01601
   238/299     11.9G   0.02357  0.009704  0.002137   0.03541        92       640    0.6687    0.5684    0.6387    0.4003   0.04952    0.0364   0.01616
   239/299     11.9G   0.02271  0.009656  0.001896   0.03426       117       640    0.7595    0.5447    0.6298    0.3936   0.05029   0.03634   0.01506
   240/299     11.9G   0.02247  0.009103  0.001629    0.0332        87       640    0.6809    0.5687    0.6256    0.3881   0.05113   0.03696   0.01525
   241/299     11.9G   0.02296  0.009473  0.002071   0.03451       107       640    0.5863    0.6385      0.63    0.3926   0.05178   0.03774   0.01463
   242/299     11.9G   0.02322  0.009298   0.00173   0.03424        73       640    0.5666    0.6301    0.6063    0.3851   0.05104   0.03801   0.01549
   243/299     11.9G   0.02266  0.009275  0.001983   0.03391        95       640     0.639    0.6075    0.6309    0.3797   0.05089   0.03793   0.01481
   244/299     11.9G   0.02221   0.00923  0.001658    0.0331        75       640     0.605    0.6266    0.6308    0.3659   0.05049   0.03789   0.01505
   245/299     11.9G   0.02261   0.01021  0.001895   0.03471        97       640    0.6246    0.5956    0.6288    0.3748   0.05132   0.03773   0.01484
   246/299     11.9G   0.02278   0.00991  0.001837   0.03452        97       640    0.5592    0.6616    0.6297    0.3722   0.05073   0.03713   0.01479
   247/299     11.9G    0.0217  0.009048  0.001435   0.03218        70       640     0.532    0.6745    0.6247    0.3638   0.05116   0.03749   0.01546
   248/299     11.9G   0.02243  0.009114  0.001686   0.03323        78       640    0.6418    0.5938    0.6253    0.3568    0.0511   0.03845   0.01538
   249/299     11.9G   0.02302  0.009176  0.001859   0.03406        98       640    0.6491    0.5863    0.6099    0.3547   0.05075   0.03904   0.01625
   250/299     11.9G    0.0223  0.009039  0.001661     0.033        83       640    0.6751    0.5558    0.6151    0.3706   0.05039   0.03883   0.01656
   251/299     11.9G    0.0233  0.009562  0.001985   0.03485        93       640    0.5748    0.6135     0.628    0.3849   0.05091   0.03905   0.01644
   252/299     11.9G   0.02304  0.009317  0.001974   0.03433       112       640     0.656    0.5571     0.606    0.3778    0.0513   0.03874   0.01609
   253/299     11.9G   0.02252  0.009121   0.00179   0.03343        93       640    0.6835    0.5635    0.6301    0.3724   0.04988   0.03774   0.01666
   254/299     11.9G   0.02187  0.009234  0.001694    0.0328       105       640    0.6544    0.5871    0.6274    0.3784   0.05146   0.03741   0.01614
   255/299     11.9G   0.02128  0.008999  0.001531   0.03181        87       640    0.5847    0.6329    0.6275    0.3729   0.05094   0.03808   0.01662
   256/299     11.9G   0.02333  0.009387  0.001836   0.03455       103       640    0.5899     0.625    0.6188    0.3731   0.05017    0.0389   0.01705
   257/299     11.9G   0.02319  0.009538  0.001803   0.03453        64       640    0.5671    0.6569    0.6216    0.3732   0.05108   0.03864   0.01651
   258/299     11.9G   0.02249  0.009197   0.00178   0.03347        77       640    0.7212    0.5491    0.6234    0.3756   0.05097   0.03789   0.01627
   259/299     11.9G   0.02198  0.009269  0.001771   0.03302       125       640    0.7981    0.5188    0.6234    0.3766   0.05149   0.03871   0.01574
   260/299     11.9G   0.02204  0.009317  0.001824   0.03318       111       640     0.555    0.6552     0.632    0.3874   0.05127    0.0387   0.01602
   261/299     11.9G   0.02235  0.009495  0.001754   0.03359        87       640    0.6641    0.5695    0.6176    0.3794   0.05156   0.03898   0.01594
   262/299     11.9G   0.02186  0.009039  0.001769   0.03267        98       640    0.7953    0.5188    0.6223    0.3887    0.0512   0.03875   0.01593
   263/299     11.9G   0.02138  0.009191  0.001599   0.03217        83       640    0.7753    0.5191    0.6241    0.3867   0.05164   0.03942   0.01634
   264/299     11.9G   0.02179  0.009155  0.001639   0.03259       129       640     0.686    0.5588    0.6237    0.3836   0.05138   0.03947    0.0171
   265/299     11.9G   0.02227  0.009074  0.001778   0.03313        89       640    0.7657    0.5346    0.6133    0.3762     0.051    0.0391   0.01773
   266/299     11.9G   0.02203   0.00902  0.001786   0.03284        68       640     0.686    0.5578      0.62    0.3773   0.05145   0.03909   0.01694
   267/299     11.9G   0.02254  0.009078  0.001939   0.03356        80       640    0.7456    0.5502    0.6284    0.3888   0.05037   0.03828   0.01671
   268/299     11.9G   0.02122   0.00933  0.001612   0.03216       127       640    0.7896     0.532    0.6441     0.394   0.05089   0.03808   0.01604
   269/299     11.9G   0.02189   0.00906  0.001679   0.03262        78       640    0.7188    0.5707    0.6404    0.3851   0.05098   0.03858   0.01623
   270/299     11.9G   0.02152  0.009352  0.001633    0.0325       103       640    0.8112    0.5275    0.6264    0.3978    0.0515   0.03787   0.01518
   271/299     11.9G   0.02151  0.009739  0.001759   0.03301        96       640    0.8133     0.529    0.6352    0.3893   0.05115   0.03867   0.01649
   272/299     11.9G   0.02237  0.009391  0.001969   0.03373       104       640     0.824    0.5312    0.6445    0.3955   0.05057   0.03787   0.01631
   273/299     11.9G   0.02034   0.00886   0.00174   0.03094        89       640    0.7064    0.5457    0.6037    0.3731   0.05116   0.03697   0.01469
   274/299     11.9G   0.02163  0.008927  0.001799   0.03235        67       640    0.6095    0.5863    0.6336    0.3903   0.05046   0.03863   0.01586
   275/299     11.9G   0.02109   0.00878  0.001713   0.03159        97       640    0.7007    0.5175    0.5881    0.3621   0.05046   0.03775   0.01626
   276/299     11.9G   0.02106  0.008743   0.00154   0.03135       130       640    0.7723     0.503    0.6219    0.3813   0.05136   0.03927   0.01491
   277/299     11.9G    0.0212  0.008592  0.001611    0.0314        85       640    0.5882    0.6007    0.6281    0.3797   0.05053   0.03873   0.01484
   278/299     11.9G   0.02115  0.008948  0.001718   0.03182       166       640    0.5818    0.6225    0.6294    0.3832   0.05092   0.03863   0.01484
   279/299     11.9G   0.02052  0.008964  0.001769   0.03125        90       640    0.6716    0.5566    0.6221    0.3902   0.05033   0.03819   0.01642
   280/299     11.9G    0.0209  0.008558  0.001659   0.03112       153       640    0.6036    0.6301    0.6331    0.3903   0.05084   0.03839   0.01616
   281/299     11.9G   0.02168  0.009514  0.001587   0.03278        94       640    0.7585    0.5506    0.6341    0.3943   0.05215   0.03886   0.01537
   282/299     11.9G   0.02084   0.00871  0.001728   0.03128        66       640    0.6162    0.6133     0.629     0.385   0.05155   0.03798    0.0155
   283/299     11.9G   0.02212  0.009699  0.001941   0.03376        74       640    0.7573    0.5256    0.6314    0.3796   0.05113   0.03809   0.01553
   284/299     11.9G   0.02199  0.009308  0.001785   0.03308       106       640    0.6142    0.5924    0.6094    0.3585   0.05091   0.03804   0.01642
   285/299     11.9G   0.02096  0.009125  0.001652   0.03173        87       640    0.8212    0.5058    0.6259    0.3756   0.05127    0.0366   0.01566
   286/299     11.9G   0.02139  0.008667  0.001705   0.03176       110       640    0.7264    0.5419    0.6235    0.3764   0.05089   0.03821   0.01668
   287/299     11.9G   0.02109  0.008568  0.001694   0.03135        69       640    0.7123    0.5455    0.6055    0.3654   0.05083    0.0379    0.0165
   288/299     11.9G     0.021  0.008682  0.001801   0.03148        81       640    0.6018    0.6136      0.63    0.3761   0.05109    0.0377    0.0159
   289/299     11.9G   0.02017  0.008559  0.001416   0.03015        99       640    0.6941    0.5588    0.6301    0.3766   0.05077   0.03809   0.01633
   290/299     11.9G   0.02098  0.009274  0.001744     0.032        99       640    0.6873    0.5547    0.6237    0.3727   0.05116   0.03836   0.01666
   291/299     11.9G   0.02114  0.008731  0.001462   0.03133        95       640    0.6175    0.6066    0.6218    0.3795   0.05155   0.03859   0.01697
   292/299     11.9G   0.02137  0.008805  0.001759   0.03193       128       640     0.618    0.5878    0.6158    0.3694   0.05154   0.03869   0.01736
   293/299     11.9G   0.02054  0.009123  0.001723   0.03139       122       640    0.7356    0.5378    0.6229    0.3739   0.05142   0.03855   0.01622
   294/299     11.9G   0.02101  0.008941  0.001637   0.03159       157       640    0.7394    0.5317    0.6323    0.3877   0.05135   0.03843   0.01618
   295/299     11.9G   0.02041  0.008993  0.001446   0.03085        73       640     0.639     0.596    0.6326    0.3758   0.05098   0.03833   0.01656
   296/299     11.9G   0.02035  0.008698  0.001716   0.03076        88       640    0.6028    0.6064    0.6275    0.3766   0.05078   0.03837   0.01739
   297/299     11.9G   0.02182  0.009532    0.0019   0.03325       121       640    0.6217    0.5822    0.6201    0.3671   0.05093   0.03867   0.01761
   298/299     11.9G   0.02159  0.008688  0.001494   0.03177        91       640    0.6401    0.5848    0.6261    0.3736   0.05128   0.03904   0.01672
   299/299     11.9G    0.0217  0.009037  0.001736   0.03247        55       640    0.6418    0.5893    0.6236    0.3723    0.0513   0.03912   0.01604
