5 0.42566666666666664 0.20933333333333332 0.05533333333333333 0.07733333333333334
5 0.416 0.38666666666666666 0.050666666666666665 0.07133333333333333
5 0.36266666666666664 0.3115 0.06533333333333333 0.10766666666666666
5 0.347 0.4475 0.057999999999999996 0.10633333333333334
1 0.366 0.7356666666666667 0.3 0.512
4 0.8009999999999999 0.3055 0.36066666666666664 0.034999999999999996
4 0.8069999999999999 0.4023333333333333 0.043333333333333335 0.052
4 0.8033333333333333 0.8108333333333333 0.11333333333333333 0.09899999999999999
4 0.9196666666666666 0.7303333333333333 0.14733333333333332 0.04466666666666667
4 0.9139999999999999 0.5433333333333333 0.17066666666666666 0.03133333333333333
4 0.7869999999999999 0.6164999999999999 0.42466666666666664 0.11233333333333333
