2 0.16814595660749507 0.906016907011437 0.3264299802761341 0.03381402287419194
0 0.46992110453648916 0.3684733963202387 0.38362919132149903 0.3739433117851815
0 0.8382642998027614 0.31501740427647934 0.2445759368836292 0.5047240179015415
5 0.844181459566075 0.7598209845847836 0.1222879684418146 0.40179015415216307
0 0.3165680473372781 0.776230730979612 0.1222879684418146 0.43262058677274984
5 0.9107495069033531 0.043510691198408745 0.05226824457593689 0.08702138239681749
2 0.6572978303747535 0.95773247140726 0.5828402366863905 0.06862257583291893
2 0.4171597633136095 0.13451019393336647 0.22485207100591717 0.043262058677274985
5 0.46301775147929 0.04077573346593734 0.05226824457593689 0.07956240676280457
5 0.01775147928994083 0.3391347588264545 0.03550295857988166 0.6742913973147687
