2 0.472879684418146 0.6427150671307806 0.8648915187376727 0.05718547986076578
3 0.14546351084812623 0.5477374440576827 0.10749506903353058 0.11984087518647438
5 0.5833333333333334 0.08702138239681749 0.07790927021696253 0.17205370462456487
1 0.21942800788954636 0.19641969169567378 0.4151873767258383 0.38886126305320734
5 0.121301775147929 0.8060666335156638 0.08481262327416174 0.314271506713078
2 0.8027613412228797 0.5780706116360019 0.368836291913215 0.05619094977623073
5 0.21646942800788957 0.5082048731974141 0.22189349112426038 0.2108403779214321
5 0.6587771203155819 0.2866732968672302 0.11242603550295859 0.5733465937344604
5 0.23027613412228798 0.8334162108403779 0.07988165680473373 0.33316757831924415
5 0.5285996055226825 0.3853804077573346 0.08875739644970415 0.1531576330183988
5 0.6839250493096647 0.7926404773744405 0.07790927021696253 0.17006464445549477
