5 0.10108481262327416 0.7737444057682744 0.0601577909270217 0.452511188463451
5 0.5813609467455622 0.923918448533068 0.10946745562130178 0.13724515166583787
2 0.8012820512820513 0.60964694181999 0.24950690335305722 0.04276479363500746
5 0.5744575936883629 0.6556439582297364 0.12721893491124261 0.22526106414719044
2 0.3180473372781065 0.4860765788165092 0.14299802761341224 0.032322227747389354
2 0.06903353057199212 0.5241173545499751 0.1222879684418146 0.045748383888612625
3 0.21597633136094677 0.9627051218299353 0.09270216962524655 0.07458975634012928
5 0.7845167652859961 0.8610144206862257 0.05226824457593689 0.27797115862754845
2 0.5424063116370809 0.6805072103431128 0.116370808678501 0.0243659870711089
5 0.5912228796844182 0.24117354549975134 0.0581854043392505 0.4823470909995027
