0 0.47187500000000004 0.49921875000000004 0.39687500000000003 0.9984375000000001
2 0.18046875 0.25859375 0.22968750000000002 0.060937500000000006
2 0.06875 0.39687500000000003 0.10312500000000001 0.037500000000000006
2 0.15937500000000002 0.84375 0.22812500000000002 0.053125000000000006
2 0.875 0.58515625 0.22812500000000002 0.0390625
2 0.87109375 0.23359375000000002 0.2546875 0.029687500000000002
2 0.8304687500000001 0.88203125 0.1953125 0.0328125
2 0.83125 0.884375 0.178125 0.025
2 0.8695312500000001 0.23984375000000002 0.2546875 0.0390625
2 0.88046875 0.5890625 0.23593750000000002 0.043750000000000004
2 0.0765625 0.39765625000000004 0.11875000000000001 0.035937500000000004
2 0.18359375 0.2515625 0.2328125 0.059375000000000004
2 0.13046875 0.8375 0.1859375 0.07187500000000001
