2 0.9393491124260356 0.8157633018398806 0.11538461538461539 0.0243659870711089
2 0.93836291913215 0.6648433615116857 0.10946745562130178 0.03083043262058677
2 0.09467455621301776 0.6394828443560417 0.1873767258382643 0.05271009448035802
2 0.38362919132149903 0.06862257583291893 0.7455621301775148 0.11636001989060168
2 0.44822485207100593 0.37145698657384385 0.8727810650887574 0.11536548980606662
6 0.07100591715976332 0.16732968672302337 0.14201183431952663 0.07707608155146693
2 0.740138067061144 0.8453505718547986 0.3086785009861933 0.04475385380407757
2 0.9477317554240632 0.9781203381402287 0.10059171597633136 0.03381402287419194
2 0.93836291913215 0.10467429139731475 0.121301775147929 0.0313276976628543
2 0.24950690335305722 0.2197911486822476 0.2386587771203156 0.07956240676280457
5 0.5093688362919132 0.6817503729487816 0.06410256410256411 0.08751864743908502
5 0.611439842209073 0.6787667826951764 0.06706114398422092 0.07757334659373445
