2 0.6770216962524656 0.6086524117354549 0.49605522682445763 0.05768274490303331
2 0.4832347140039448 0.0835405271009448 0.33925049309664695 0.04375932371954251
0 0.9388560157790927 0.8771755345599204 0.1183431952662722 0.23073097961213324
0 0.6252465483234715 0.9607160616608652 0.1854043392504931 0.07757334659373445
0 0.1839250493096647 0.5718547986076579 0.17850098619329388 0.29636996519144704
6 0.21745562130177515 0.07533565390353057 0.17455621301775148 0.08801591248135256
6 0.33530571992110453 0.6464445549477871 0.15779092702169625 0.07757334659373445
2 0.6923076923076923 0.2506215813028344 0.4339250493096647 0.045748383888612625
2 0.334319526627219 0.971407260069617 0.2583826429980276 0.03928393833913475
5 0.1908284023668639 0.30706116360019886 0.07593688362919132 0.36151168572849324
0 0.9368836291913215 0.283689706613625 0.12426035502958581 0.5405271009448035
