5 0.6804733727810651 0.27100944803580307 0.18343195266272191 0.5420188960716061
5 0.5803747534516766 0.8722028841372451 0.09566074950690336 0.23868722028841372
5 0.34171597633136097 0.40203878667329684 0.0601577909270217 0.1148682247637991
2 0.1819526627218935 0.9607160616608652 0.34812623274161736 0.05967180507210343
5 0.2322485207100592 0.723520636499254 0.16272189349112426 0.25658876181004475
2 0.05621301775147929 0.26628543013426154 0.11242603550295859 0.03033316757831924
5 0.15729783037475345 0.5057185479860765 0.07988165680473373 0.06762804574838388
5 0.6666666666666667 0.954500248632521 0.05719921104536489 0.09099950273495773
5 0.46893491124260356 0.4962705121829935 0.14299802761341224 0.992541024365987
5 0.15976331360946747 0.1551466931874689 0.06706114398422092 0.3102933863749378
